237083
477644
721767
969584
1220355
1475388
1732983
1995584
2260827
2528940
2800391
3078192
3355027
3641148
3923655
4213760
4510491
4804236
5108359
5414000
5716515
6030332
6337719
6660672
6986875
643628
885959
1132464
1381011
1635644
1891047
2155008
2417051
2681420
2950119
3230576
3507651
3784252
4065527
4355904
4655323
4942508
5251911
5553712
5850899
6168508
6466119
6789632
7122651
7427724
7768007
1292656
1537955
1793148
2045175
2305088
2566971
2830508
3095367
3380400
3654483
3925564
4210215
4496384
4803995
5071308
5386087
5698928
5980035
6301500
6597623
6911808
7248475
7556012
7895175
8227888
1698579
1937724
2190535
2459648
2716059
2975884
3238791
3516528
3792163
4070652
4347447
4640320
4923003
5200428
5518535
5831088
6106899
6430012
6711783
7036416
7372955
7672652
8016231
8348528
8651715
9012540
2332407
2606912
2858843
3114156
3379271
3660848
3926547
4208828
4480967
4767232
5055707
5347724
5642823
5964656
6230051
6557820
6829047
7158848
7504571
7787948
8132807
8468656
8761683
9125180
9432231
2721792
3013659
3238860
3537767
3812208
4038659
4356924
4589175
4887360
5207387
5451948
5769991
6090800
6363027
6664508
6970055
7283712
7589915
7918220
8230791
8566896
8896547
9209340
9535671
9906752
10238331
3370028
3671239
3940272
4164499
4486460
4716519
5016064
5332891
5565516
5888999
6212464
6465219
6788668
7079159
7397184
7697883
8023724
8341575
8661552
8998163
9314748
9635399
9998848
10341339
10664588
11013319
4073840
4286627
4617340
4835831
5119040
5447995
5679788
6003527
6335664
6577235
6899260
7158567
7513088
7826075
8111564
8430695
8786288
9094531
9410876
9750519
10084160
10422107
10776492
11107719
11466800
4424723
4718908
4938183
5246976
5570459
5790348
6120327
6428784
6671907
7025916
7260983
7585344
7935099
8212012
8526279
8877488
9192723
9502524
9823719
10184192
10509723
10860364
11191911
11550576
11897283
12252988
5041143
5359424
5682523
5889708
6550576
6767379
7137468
7359687
7669248
8041179
8293260
8671815
8978288
9287203
9597564
9912311
10282048
10616763
10946988
11271623
11637936
11978579
12328764
12691623
