237083 1
477644 2
721767 3
969584 4
1220355 5
1475388 6
1732983 7
1995584 8
2260827 9
2528940 10
2800391 11
3078192 12
3355027 13
3641148 14
3923655 15
4213760 16
4510491 17
4804236 18
5108359 19
5414000 20
5716515 21
6030332 22
6337719 23
6660672 24
6986875 25
643628 26
885959 27
1132464 28
1381011 29
1635644 30
1891047 31
2155008 32
2417051 33
2681420 34
2950119 35
3230576 36
3507651 37
3784252 38
4065527 39
4355904 40
4655323 41
4942508 42
5251911 43
5553712 44
5850899 45
6168508 46
6466119 47
6789632 48
7122651 49
7427724 50
7768007 51
1292656 52
1537955 53
1793148 54
2045175 55
2305088 56
2566971 57
2830508 58
3095367 59
3380400 60
3654483 61
3925564 62
4210215 63
4496384 64
4803995 65
5071308 66
5386087 67
5698928 68
5980035 69
6301500 70
6597623 71
6911808 72
7248475 73
7556012 74
7895175 75
8227888 76
1698579 77
1937724 78
2190535 79
2459648 80
2716059 81
2975884 82
3238791 83
3516528 84
3792163 85
4070652 86
4347447 87
4640320 88
4923003 89
5200428 90
5518535 91
5831088 92
6106899 93
6430012 94
6711783 95
7036416 96
7372955 97
7672652 98
8016231 99
8348528 100
8651715 101
9012540 102
2332407 103
2606912 104
2858843 105
3114156 106
3379271 107
3660848 108
3926547 109
4208828 110
4480967 111
4767232 112
5055707 113
5347724 114
5642823 115
5964656 116
6230051 117
6557820 118
6829047 119
7158848 120
7504571 121
7787948 122
8132807 123
8468656 124
8761683 125
9125180 126
9432231 127
2721792 128
3013659 129
3238860 130
3537767 131
3812208 132
4038659 133
4356924 134
4589175 135
4887360 136
5207387 137
5451948 138
5769991 139
6090800 140
6363027 141
6664508 142
6970055 143
7283712 144
7589915 145
7918220 146
8230791 147
8566896 148
8896547 149
9209340 150
9535671 151
9906752 152
10238331 153
3370028 154
3671239 155
3940272 156
4164499 157
4486460 158
4716519 159
5016064 160
5332891 161
5565516 162
5888999 163
6212464 164
6465219 165
6788668 166
7079159 167
7397184 168
7697883 169
8023724 170
8341575 171
8661552 172
8998163 173
9314748 174
9635399 175
9998848 176
10341339 177
10664588 178
11013319 179
4073840 180
4286627 181
4617340 182
4835831 183
5119040 184
5447995 185
5679788 186
6003527 187
6335664 188
6577235 189
6899260 190
7158567 191
7513088 192
7826075 193
8111564 194
8430695 195
8786288 196
9094531 197
9410876 198
9750519 199
10084160 200
10422107 201
10776492 202
11107719 203
11466800 204
4424723 205
4718908 206
4938183 207
5246976 208
5570459 209
5790348 210
6120327 211
6428784 212
6671907 213
7025916 214
7260983 215
7585344 216
7935099 217
8212012 218
8526279 219
8877488 220
9192723 221
9502524 222
9823719 223
10184192 224
10509723 225
10860364 226
11191911 227
11550576 228
11897283 229
12252988 230
5041143 231
5359424 232
5682523 233
5889708 234
6550576 236
6767379 237
7137468 238
7359687 239
7669248 240
8041179 241
8293260 242
8671815 243
8978288 244
9287203 245
9597564 246
9912311 247
10282048 248
10616763 249
10946988 250
11271623 251
11637936 252
11978579 253
12328764 254
12691623 255
